Processing frame:  1
0 []
Processing frame:  2
4 [array([763.23,169.99,17.883,41.555]), array([746.85,168.52,17.647,41.5]), array([517.32,171.2,11.836,26.528]), array([702.78,170.72,17.887,37.862])]
Processing frame:  3
6 [array([     764.38,       170.1,      17.935,      41.768]), array([     747.84,      170.11,      17.462,      41.014]), array([     512.84,      171.88,      11.858,      26.584]), array([     705.52,      170.95,      17.421,      36.906]), array([     741.98,      168.35,      10.507,      24.499]), array([     426.14,      171.95,      12.652,      27.401])]
Processing frame:  4
5 [array([     765.66,      168.95,      18.799,      43.888]), array([     749.01,      168.77,      18.532,      43.517]), array([     508.02,      171.14,      12.301,      27.594]), array([     742.02,      169.18,       9.773,      22.753]), array([        696,      166.63,      12.634,      30.222])]
Processing frame:  5
5 [array([     767.77,      167.89,      19.578,      45.786]), array([     749.89,      167.82,      19.133,      44.969]), array([     503.07,      169.99,      13.051,      29.328]), array([     741.23,       167.9,       10.82,      25.172]), array([     672.19,      165.65,      10.545,      24.137])]
Processing frame:  6
4 [array([     769.58,      167.08,      20.375,      47.961]), array([      750.5,      165.67,      20.612,      48.478]), array([      498.4,      169.43,      13.548,      30.459]), array([     704.77,      168.57,      19.634,      41.726])]
Processing frame:  7
4 [array([     772.73,      168.15,      20.432,      48.205]), array([     752.41,      164.46,      21.536,      50.767]), array([     493.98,         169,      13.649,      30.747]), array([     704.76,      167.84,      20.351,      43.432])]
Processing frame:  8
3 [array([     775.95,      168.11,      20.887,      49.352]), array([     754.26,      164.93,      21.655,      51.103]), array([     704.42,      167.41,       20.87,       44.73])]
Processing frame:  9
6 [array([     779.64,      166.97,      21.961,      51.984]), array([     757.22,      165.36,      21.809,      51.474]), array([     705.14,      167.91,      20.679,      44.581]), array([     694.87,      171.38,      12.122,      28.944]), array([     737.72,      168.38,      9.9453,      23.053]), array([     485.13,         169,       14.26,      32.216])]
Processing frame:  10
5 [array([     784.28,      165.63,      22.134,      52.566]), array([     760.72,      164.46,      22.438,      53.049]), array([     707.44,      165.06,      20.378,      44.256]), array([     694.15,      169.58,      13.119,      31.293]), array([     480.92,      169.35,      13.956,      31.725])]


Processing frame:  1
[array([0.497297  , 0.17287019, 0.60514826, 0.20231676], dtype=float32), array([0.44957474, 0.5709565 , 0.5419994 , 0.5898499 ], dtype=float32), array([0.43241948, 0.58925146, 0.55874974, 0.6149898 ], dtype=float32)]
Processing frame:  2
[array([0.45306447, 0.56912225, 0.5563791 , 0.5884127 ], dtype=float32), array([0.44285855, 0.5944246 , 0.5589727 , 0.6168257 ], dtype=float32)]
Processing frame:  3
[array([0.45488346, 0.5694109 , 0.5565444 , 0.588112  ], dtype=float32), array([0.45139584, 0.598814  , 0.56095237, 0.6200801 ], dtype=float32)]
Processing frame:  4
[array([0.42792624, 0.59662694, 0.5646924 , 0.6213556 ], dtype=float32), array([0.4187813 , 0.6008395 , 0.48804268, 0.6200204 ], dtype=float32)]
Processing frame:  5
[]
Processing frame:  6
[array([0.5331753 , 0.13521762, 0.58993953, 0.15309529], dtype=float32), array([0.41660714, 0.5547212 , 0.4771195 , 0.57250303], dtype=float32), array([0.41900492, 0.603658  , 0.49151647, 0.6234644 ], dtype=float32)]
Processing frame:  7
[]
Processing frame:  8
[array([0.4222791 , 0.6079417 , 0.48761734, 0.6248322 ], dtype=float32)]
Processing frame:  9
[]
Processing frame:  10
[array([0.42195725, 0.6111462 , 0.48653644, 0.6294035 ], dtype=float32)]
Processing frame:  11


Processing frame:  60
[[[        213         290]]]
[[[        195         407]]]
[[[        190         768]]]
[[[        194         473]]]
[[[        190         736]]]
[[[        194         783]]]
Processing frame:  61
[[[        215         269]]]
[[[        195         400]]]
[[[        194         468]]]
[[[        192         737]]]
[[[        195         789]]]
[[[        198         859]]]
[[[        185         579]]]
Processing frame:  62
[[[        217         246]]]
[[[        197         392]]]
[[[        195         461]]]
[[[        193         738]]]
[[[        197         794]]]
[[[        198         863]]]
Processing frame:  63
[[[        221         221]]]
[[[        198         383]]]
[[[        195         454]]]
[[[        194         740]]]
[[[        204         799]]]
[[[        201         876]]]
[[[        185         590]]]
Processing frame:  64
[[[        224         193]]]
[[[        198         376]]]
[[[        195         743]]]
[[[        204         805]]]
[[[        203         887]]]
[[[        200         876]]]
[[[        194         860]]]
[[[        185         567]]]
Processing frame:  65
[[[        226         160]]]
[[[        198         368]]]
[[[        195         745]]]
[[[        207         812]]]
[[[        204         897]]]
[[[        202         881]]]
[[[        194         864]]]
[[[        185         562]]]
[[[        198         763]]]
[[[        197         782]]]
[[[        186         578]]]
Processing frame:  60
[[[ 98. 207.]]]
[[[170. 205.]]]
Processing frame:  61
[[[ 96. 205.]]]
[[[168. 206.]]]
Processing frame:  62
[[[100. 207.]]]
[[[171. 215.]]]
[[[ 32. 207.]]]
Processing frame:  63
[[[103. 209.]]]
Processing frame:  64
[[[110. 214.]]]
[[[ 32. 211.]]]
Processing frame:  65
[]
Processing frame:  66
[[[101. 195.]]]
Processing frame:  67
[[[357. 189.]]]


Processing frame:  50
[[[        195         412]]]
[[[        188         459]]]
[[[        190         749]]]
[[[        185         514]]]
[[[        181         733]]]
[[[        180         635]]]
[[[        180         614]]]
Processing frame:  51
[[[        197         405]]]
[[[        189         454]]]
[[[        190         751]]]
[[[        185         510]]]
[[[        181         732]]]
[[[        181         632]]]
[[[        188         722]]]
Processing frame:  52
[[[        199         396]]]
[[[        190         449]]]
[[[        193         754]]]
[[[        187         508]]]
[[[        183         733]]]
[[[        182         629]]]
[[[        189         723]]]
[[[        181         610]]]
Processing frame:  53
[[[        201         385]]]
[[[        192         445]]]
[[[        194         757]]]
[[[        189         504]]]
[[[        185         734]]]
[[[        189         724]]]
Processing frame:  54
[[[        203         375]]]
[[[        193         440]]]
[[[        192         760]]]
[[[        190         501]]]
[[[        186         736]]]
[[[        190         726]]]
Processing frame:  55
[[[        203         364]]]
[[[        193         436]]]
[[[        194         764]]]
[[[        189         497]]]
[[[        185         736]]]
[[[        189         728]]]
Processing frame:  56
[[[        205         352]]]
[[[        193         431]]]
[[[        192         768]]]
[[[        190         494]]]
[[[        189         731]]]
Processing frame:  57
[[[        208         339]]]
[[[        194         426]]]
[[[        191         770]]]
[[[        190         490]]]
[[[        189         732]]]
[[[        190         778]]]
[[[        185         740]]]
Processing frame:  58
[[[        209         324]]]
[[[        194         420]]]
[[[        190         767]]]
[[[        191         484]]]
[[[        190         733]]]
[[[        190         775]]]
[[[        187         740]]]
[[[        183         592]]]
Processing frame:  59
[[[        211         308]]]
[[[        194         413]]]
[[[        190         767]]]
[[[        192         479]]]
[[[        190         736]]]
[[[        193         780]]]
Processing frame:  60
[[[        213         290]]]
[[[        195         407]]]
[[[        190         768]]]
[[[        194         473]]]
[[[        190         736]]]
[[[        194         783]]]
Processing frame:  61
[[[        215         269]]]
[[[        195         400]]]
[[[        194         468]]]
[[[        192         737]]]
[[[        195         789]]]
[[[        198         859]]]
[[[        185         579]]]
Processing frame:  62
[[[        217         246]]]
[[[        197         392]]]
[[[        195         461]]]
[[[        193         738]]]
[[[        197         794]]]
[[[        198         863]]]
Processing frame:  63
[[[        221         221]]]
[[[        198         383]]]
[[[        195         454]]]
[[[        194         740]]]
[[[        204         799]]]
[[[        201         876]]]
[[[        185         590]]]
Processing frame:  64
[[[        224         193]]]
[[[        198         376]]]
[[[        195         743]]]
[[[        204         805]]]
[[[        203         887]]]
[[[        200         876]]]
[[[        194         860]]]
[[[        185         567]]]
Processing frame:  65
[[[        226         160]]]
[[[        198         368]]]
[[[        195         745]]]
[[[        207         812]]]
[[[        204         897]]]
[[[        202         881]]]
[[[        194         864]]]
[[[        185         562]]]
[[[        198         763]]]
[[[        197         782]]]
[[[        186         578]]]
Processing frame:  66
[[[        196         359]]]
[[[        194         747]]]
[[[        208         819]]]
[[[        204         906]]]
[[[        203         889]]]
[[[        194         865]]]
[[[        185         556]]]
[[[        195         767]]]
[[[        196         786]]]
[[[        185         574]]]
Processing frame:  67
[[[        196         348]]]
[[[        194         750]]]
[[[        208         827]]]
[[[        204         918]]]
[[[        202         897]]]
[[[        193         868]]]
[[[        182         551]]]
[[[        197         769]]]
[[[        195         788]]]
[[[        183         568]]]
Processing frame:  68
[[[        197         338]]]
[[[        194         754]]]
[[[        208         838]]]
[[[        204         928]]]
[[[        201         907]]]
[[[        193         872]]]
[[[        182         545]]]
[[[        195         789]]]
Processing frame:  69
[[[        198         327]]]
[[[        196         758]]]
[[[        208         851]]]
[[[        207         940]]]
[[[        202         917]]]
[[[        184         540]]]
[[[        197         791]]]
[[[        193         390]]]
[[[        201         773]]]
[[[        184         556]]]
Processing frame:  70
[[[        201         315]]]
[[[        199         760]]]
[[[        211         867]]]
[[[        210         954]]]
[[[        205         928]]]
[[[        187         533]]]
[[[        185         592]]]
[[[        200         776]]]
[[[        185         550]]]
Processing frame:  71
[[[        205         302]]]
[[[        202         764]]]
[[[        212         882]]]
[[[        212         968]]]
[[[        208         940]]]
[[[        189         527]]]
[[[        184         595]]]
[[[        202         779]]]
[[[        188         542]]]
[[[        206         375]]]
Processing frame:  72
[[[        207         289]]]
[[[        203         769]]]
[[[        216         903]]]
[[[        215         985]]]
[[[        210         956]]]
[[[        189         522]]]
[[[        189         536]]]
[[[        207         366]]]
[[[        234        1215]]]
[[[        198         887]]]
[[[        194         398]]]
Processing frame:  73
[[[        208         277]]]
[[[        204         775]]]
[[[        219         925]]]
[[[        217        1002]]]
[[[        212         971]]]
[[[        189         514]]]
[[[        189         529]]]
[[[        208         353]]]
Processing frame:  74
[[[        209         262]]]
[[[        207         780]]]
[[[        224         951]]]
[[[        219        1023]]]
[[[        213         991]]]
[[[        189         507]]]
[[[        187         523]]]
[[[        210         338]]]
[[[        195         896]]]
Processing frame:  75
[[[        211         247]]]
[[[        208         786]]]
[[[        226         980]]]
[[[        221        1046]]]
[[[        215        1013]]]
[[[        187         500]]]
[[[        186         516]]]
[[[        210         323]]]
[[[        199         784]]]
[[[        184         604]]]
Processing frame:  76
[[[        213         230]]]
[[[        211         794]]]
[[[        224        1074]]]
[[[        186         494]]]
[[[        188         509]]]
[[[        212         307]]]
[[[        185         834]]]
[[[        201         789]]]
[[[        184         604]]]
Processing frame:  77
[[[        213         212]]]
[[[        212         802]]]
[[[        234        1080]]]
[[[        186         487]]]
[[[        187         501]]]
[[[        213         289]]]
[[[        203         794]]]
[[[        185         608]]]
Processing frame:  78
[[[        216         194]]]
[[[        216         812]]]
[[[        188         481]]]
[[[        188         495]]]
[[[        215         270]]]
[[[        185         610]]]
[[[        245        1138]]]
[[[        227        1104]]]
[[[        189         840]]]
Processing frame:  79
[[[        219         175]]]
[[[        220         824]]]
[[[        189         473]]]
[[[        219         249]]]
[[[        187         611]]]
[[[        236        1142]]]
Processing frame:  80
[[[        223         154]]]
[[[        224         836]]]
[[[        192         464]]]
[[[        223         226]]]
[[[        189         612]]]
[[[        238        1181]]]
[[[        212         853]]]
[[[        228         805]]]
[[[        257        1217]]]
Processing frame:  81
[[[        226         131]]]
[[[        229         850]]]
[[[        193         455]]]
[[[        226         200]]]
[[[        190         614]]]
[[[        216         869]]]
[[[        233         813]]]
[[[        250        1223]]]
[[[        193         469]]]
Processing frame:  82
[[[        229         105]]]
[[[        233         868]]]
[[[        194         446]]]
[[[        229         173]]]
[[[        190         617]]]
[[[        213         888]]]
[[[        236         825]]]
[[[        176         742]]]
[[[        193         460]]]
Processing frame:  83
[[[        230          78]]]
[[[        235         888]]]
[[[        194         436]]]
[[[        231         139]]]
[[[        189         618]]]
[[[        219         914]]]
[[[        240         839]]]
[[[        192         451]]]
[[[        191         797]]]
Processing frame:  84
[[[        232          47]]]
[[[        195         425]]]
[[[        237         104]]]
[[[        189         621]]]
[[[        215         941]]]
[[[        244         854]]]
[[[        193         441]]]
[[[        191         813]]]
[[[        191         800]]]
[[[        189         859]]]
Processing frame:  85
[[[        237          23]]]
[[[        195         414]]]
[[[        190         624]]]
[[[        252         873]]]
[[[        193         430]]]
[[[        192         815]]]
[[[        247         954]]]
[[[        190         864]]]
[[[        230         984]]]
Processing frame:  86
[[[        198         401]]]
[[[        190         625]]]
[[[        260         895]]]
[[[        196         417]]]
[[[        193         818]]]
[[[        252         990]]]
[[[        191         868]]]
[[[        199         916]]]
[[[        176         745]]]
Processing frame:  87
[[[        199         388]]]
[[[        190         627]]]
[[[        269         921]]]
[[[        198         405]]]
[[[        194         822]]]
[[[        253        1044]]]
[[[        192         872]]]
[[[        199         921]]]
Processing frame:  88
[[[        202         372]]]
[[[        190         628]]]
[[[        196         393]]]
[[[        194         824]]]
[[[        193         877]]]
[[[        195         921]]]
[[[        278         965]]]
Processing frame:  89
[[[        203         355]]]
[[[        190         631]]]
[[[        198         379]]]
[[[        195         828]]]
[[[        193         882]]]
[[[        194         927]]]
[[[        292        1014]]]
Processing frame:  90



Processing frame:  60
[[[ 98. 207.]]]
[[[170. 205.]]]
Processing frame:  61
[[[ 96. 205.]]]
[[[168. 206.]]]
Processing frame:  62
[[[100. 207.]]]
[[[171. 215.]]]
[[[ 32. 207.]]]
Processing frame:  63
[[[103. 209.]]]
Processing frame:  64
[[[110. 214.]]]
[[[ 32. 211.]]]
Processing frame:  65
[]
Processing frame:  66
[[[101. 195.]]]
Processing frame:  67
[[[357. 189.]]]
Processing frame:  68
[]
Processing frame:  69
[]
Processing frame:  70
[]
Processing frame:  71
[array([0.4825276 , 0.6091921 , 0.60854244, 0.63225573], dtype=float32)]
[[[770. 204.]]]
Processing frame:  72
[array([0.47615498, 0.5967188 , 0.6338628 , 0.6254113 ], dtype=float32), array([0.47496513, 0.60674185, 0.54146314, 0.6243798 ], dtype=float32)]
[[[758. 208.]]]
[[[764. 190.]]]
Processing frame:  73
[array([0.47202805, 0.60503   , 0.6329719 , 0.6328065 ], dtype=float32)]
[[[768. 207.]]]
Processing frame:  74
[array([0.5316772 , 0.05494804, 0.68352324, 0.09416122], dtype=float32), array([0.47380173, 0.27174336, 0.6263267 , 0.30040878], dtype=float32)]
[[[ 92. 227.]]]
[[[355. 206.]]]
Processing frame:  75
[array([0.47701773, 0.60596204, 0.63603526, 0.6344725 ], dtype=float32)]
[[[770. 208.]]]
Processing frame:  76
[array([0.48919836, 0.6035379 , 0.6104183 , 0.6305269 ], dtype=float32)]
[[[766. 206.]]]
Processing frame:  77
[array([0.51472133, 0.70911884, 0.588492  , 0.7372761 ], dtype=float32), array([0.51881015, 0.7548205 , 0.59940493, 0.7818003 ], dtype=float32)]
[[[898. 206.]]]
[[[954. 209.]]]
Processing frame:  78
[array([0.5380526 , 0.10860771, 0.68003947, 0.1413422 ], dtype=float32)]
[[[155. 228.]]]
Processing frame:  79
[array([0.4409392 , 0.9061437 , 0.77514076, 0.9618421 ], dtype=float32), array([0.542292  , 0.08456758, 0.6832583 , 0.11526275], dtype=float32), array([0.5165623, 0.7602457, 0.5988534, 0.7864109], dtype=float32)]
[[[1160.  228.]]]
[[[124. 229.]]]
[[[960. 209.]]]
Processing frame:  80
[array([0.54620963, 0.06590217, 0.69617087, 0.09872778], dtype=float32), array([0.5225717, 0.7657458, 0.5878985, 0.7857186], dtype=float32)]
[[[102. 232.]]]
[[[963. 208.]]]
Processing frame:  81
[array([0.45424214, 0.70868564, 0.5384944 , 0.7323921 ], dtype=float32)]
[[[894. 186.]]]
Processing frame:  82
[array([0.43882027, 0.7120639 , 0.549479  , 0.7353022 ], dtype=float32), array([0.46811435, 0.58702594, 0.5624192 , 0.63348025], dtype=float32), array([0.48801827, 0.17123964, 0.62349105, 0.2005254 ], dtype=float32), array([0.44632214, 0.74349296, 0.5636938 , 0.77406704], dtype=float32)]
[[[898. 185.]]]
[[[757. 193.]]]
[[[230. 208.]]]
[[[942. 189.]]]
Processing frame:  83
[]
Processing frame:  84
[array([0.49258518, 0.23522781, 0.6035992 , 0.2611926 ], dtype=float32)]
[[[308. 205.]]]
Processing frame:  85
[array([0.57944953, 0.6941605 , 0.7780665 , 0.7303639 ], dtype=float32), array([0.48631603, 0.2323916 , 0.60488206, 0.26167282], dtype=float32), array([0.47348619, 0.11819066, 0.6489626 , 0.15108742], dtype=float32)]
[[[884. 254.]]]
[[[306. 204.]]]
[[[167. 210.]]]
Processing frame:  86
[array([0.48333257, 0.5883566 , 0.5860061 , 0.6276158 ], dtype=float32), array([0.4769111 , 0.11178045, 0.66538095, 0.14632176], dtype=float32), array([0.48467243, 0.22947466, 0.60743725, 0.25773558], dtype=float32)]
[[[755. 200.]]]
[[[160. 214.]]]
[[[302. 204.]]]
Processing frame:  87
[array([0.47815832, 0.5930327 , 0.59177375, 0.62877667], dtype=float32), array([0.4910923 , 0.22914182, 0.60613286, 0.2568633 ], dtype=float32), array([0.48789328, 0.1781025 , 0.63067275, 0.20435998], dtype=float32), array([0.4682996 , 0.3356414 , 0.55555934, 0.3577824 ], dtype=float32), array([0.46079928, 0.30612573, 0.56304497, 0.32629767], dtype=float32), array([0.47776586, 0.11084884, 0.6652847 , 0.14665377], dtype=float32)]
[[[758. 200.]]]
[[[301. 205.]]]
[[[237. 209.]]]
[[[430. 191.]]]
[[[392. 191.]]]
[[[159. 214.]]]
Processing frame:  88
[array([0.48263398, 0.58726555, 0.5914562 , 0.62134784], dtype=float32), array([0.47977063, 0.06197742, 0.6800868 , 0.09758943], dtype=float32), array([0.4852876 , 0.17738357, 0.6327105 , 0.20357966], dtype=float32), array([0.497236  , 0.7784984 , 0.92730045, 0.8505472 ], dtype=float32), array([0.4890932 , 0.22495815, 0.6106428 , 0.2534629 ], dtype=float32), array([0.5534409 , 0.7574485 , 0.8979957 , 0.81276006], dtype=float32), array([0.41361132, 0.8493648 , 0.9767225 , 0.98938924], dtype=float32)]
[[[750. 201.]]]
[[[ 99. 217.]]]
[[[236. 209.]]]
[[[1011.  267.]]]
[[[297. 206.]]]
[[[975. 272.]]]
[[[1141.  260.]]]
Processing frame:  89
[array([0.48296833, 0.58400244, 0.5930457 , 0.619059  ], dtype=float32), array([0.48604304, 0.17700452, 0.6347622 , 0.2071333 ], dtype=float32), array([0.5275553, 0.7723974, 0.9593567, 0.8617945], dtype=float32), array([0.4867701 , 0.22436576, 0.6087006 , 0.25155693], dtype=float32), array([0.50664526, 0.8089499 , 0.59557885, 0.8450549 ], dtype=float32), array([0.44578683, 0.2917422 , 0.60106206, 0.3187645 ], dtype=float32)]
[[[747. 201.]]]
[[[238. 210.]]]
[[[1014.  278.]]]
[[[295. 205.]]]
[[[1027.  206.]]]
[[[379. 196.]]]
Processing frame:  90
